62d30818-d073-4097-b681-780b9a04a22e,null,0,00,0,00,0,00
277df6ac-54d3-4561-a9c4-7fcb8692bf87,null,0,00,0,00,896,50
da679f66-4ae0-4b87-aef1-c1c1b49954b6,null,0,00,0,00,896,50
32b5e43c-a046-4423-bacf-b6abc67cd6ca,null,0,00,0,00,896,50
5eaf3b19-26c5-40b9-828e-2d931774a08f,null,0,00,0,00,3330,00
b7c12d01-58c9-4bfa-8db4-15b1d7903c10,null,0,00,0,00,4040,55
7012ed27-8f2a-4486-8f43-46938af14865,null,0,00,0,00,361,35
94b60dc5-708b-4fce-b40e-4786c93f70d7,null,0,00,0,00,361,35
f11f41dc-2f80-46f3-aa48-f8f501391503,null,0,00,0,00,22865,05
4f32e821-de18-48f1-9e4a-bd1c969c67ac,null,0,00,0,00,12,00
