1,12,120,00,62d30818-d073-4097-b681-780b9a04a22e
1,12,120,00,62d30818-d073-4097-b681-780b9a04a22e
111,12,132,00,62d30818-d073-4097-b681-780b9a04a22e
1,12,120,00,62d30818-d073-4097-b681-780b9a04a22e
1,12,120,00,62d30818-d073-4097-b681-780b9a04a22e
1,50,500,00,277df6ac-54d3-4561-a9c4-7fcb8692bf87
111,4,44,00,277df6ac-54d3-4561-a9c4-7fcb8692bf87
1,50,500,00,da679f66-4ae0-4b87-aef1-c1c1b49954b6
111,4,44,00,da679f66-4ae0-4b87-aef1-c1c1b49954b6
1,50,500,00,32b5e43c-a046-4423-bacf-b6abc67cd6ca
111,4,44,00,32b5e43c-a046-4423-bacf-b6abc67cd6ca
1,222,2220,00,5eaf3b19-26c5-40b9-828e-2d931774a08f
1,123,1230,00,b7c12d01-58c9-4bfa-8db4-15b1d7903c10
1,123,1230,00,b7c12d01-58c9-4bfa-8db4-15b1d7903c10
1,11,110,00,7012ed27-8f2a-4486-8f43-46938af14865
1,11,110,00,7012ed27-8f2a-4486-8f43-46938af14865
1,11,110,00,94b60dc5-708b-4fce-b40e-4786c93f70d7
1,11,110,00,94b60dc5-708b-4fce-b40e-4786c93f70d7
1,1213,12130,00,f11f41dc-2f80-46f3-aa48-f8f501391503
111,1213,13343,00,f11f41dc-2f80-46f3-aa48-f8f501391503
111,12,132,00,4f32e821-de18-48f1-9e4a-bd1c969c67ac
